mass = 2.589965e+03
r0 = 5.289648e-02
Ea = 6.899580e-02
ka = 1.890485e+01
ell = 0
x0 = 1.000000e+00
nucA = 0.000000e+00
nucZ = 0.000000e+00
nmax_f = 500
nmax_b = 500
