PARAM_DATA
mass = 5.110000e+05 eV
r0 = 5.289648e-02 nm
Ea = 6.899580e-02 eV
ka = 3.729927e+03 nm
ell = 0
x0 = 1.000000e+00
nucA = 0.000000e+00
nucZ = 0.000000e+00
Et_min = 0.000000e+00
Et_max = 0.000000e+00

Num_Params
nmax_f = 500
x_i_f = 1.441355e-315
x_f_f = 6.951673e-310
y_0_f = 0.000000e+00
y_1_f = 4.940656e-324
h_f = 6.951673e-310
nmax_b = 500
x_i_b = 2.820988e-314
x_f_b = 6.951604e-310
y_0_b = 6.951604e-310
y_1_b = 6.951728e-310
h_b = 1.094406e-311
